Carbon runs
Run   Current  Spec
5354  65        SHMS
5353  50        SHMS
5352  35        SHMS
5351  20        SHMS
5355  65        HMS
5356  50        HMS
5357  35        HMS
5358  30        HMS

5351 5336.71 1.5 17.0048 1  3506.4 2689.45 1471.87 1728.69 206.200 0.196566 158.158 0.172151 86.5559 0.127354 101.659 0.138
5352 8323.68 1.5 35.1165 1  7424.3 5639.38 3074.61 3620.56 211.420 0.159373 160.591 0.138900 87.5548 0.102561 103.102 0.111
5353 11290.3 1.5 45.3548 1  9651.1 7265.35 3953.39 4666.70 212.791 0.137285 160.189 0.119114 87.1658 0.087865 102.893 0.095
5354 18437.3 1.5 55.5643 1 11937.2 8912.03 4844.37 5737.20 214.835 0.107945 160.391 0.093270 87.1849 0.068766 103.253 0.075
5355 18869.8 1.5 66.1318 1 14260.3 10632.3 5788.69 6859.66 215.634 0.106899 160.774 0.092305 87.5326 0.068108 103.727 0.074
5356 13146.2 1.5 38.0805 1  8066.2 6077.76 3311.27 3911.56 211.819 0.126935 159.603 0.110184 86.9546 0.081329 102.718 0.088
5358 11221.9 1.5 19.4708 1  4063.5 3113.46 1702.93 2001.86 208.699 0.136373 159.904 0.119371 87.4608 0.088282 102.814 0.096
5351 5197.49 17. 20.0351 0.83 4188.02 3211.95 1757.09 2063.43 209.035 0.200545 160.316 0.175627 87.7005 0.129898 102.991 0.140768
5352 5534.85 35. 35.2805 0.66186 7459.5 5664.36 3091.8 3640.01 211.434 0.195449 160.552 0.170316 87.6349 0.12583 103.174 0.136531
5353 11029 45. 50.5122 0.877115 10783.3 8115.85 4415.05 5211.68 213.479 0.139126 160.671 0.120698 87.4056 0.0890228 103.177 0.0967214
5354 17648.9 50. 65.8184 0.808108 14196 10592.6 5755.02 6817.08 215.685 0.110548 160.936 0.0954923 87.4379 0.0703868 103.574 0.0766067
5355 18869.8 65. 66.1318 1 14260.3 10632.3 5788.69 6859.66 215.634 0.106899 160.774 0.0923046 87.5326 0.0681084 103.727 0.05358 
5356 13146.2 35. 38.0805 1 8066.16 6077.76 3311.27 3911.56 211.819 0.126935 159.603 0.110184 86.9546 0.081329 102.718 0.0883942

5351 1.5 17.0048 158.158 0.172151 86.5559 0.127354
5352 1.5 35.1165 160.591 0.1389 87.5548 0.102561
5353 1.5 45.3548 160.189 0.119114 87.1658 0.087865
5354 1.5 55.5643 160.391 0.09327 87.1849 0.068766
5355 1.5 66.1318 160.774 0.092305 87.5326 0.068108
5356 1.5 38.0805 159.603 0.110184 86.9546 0.081329
5358 1.5 19.4708 159.904 0.119371 87.4608 0.088282
5351 17 20.0351 160.316 0.175627 87.7005 0.129898
5352 35 35.2805 160.552 0.170316 87.6349 0.12583
5353 45 50.5122 160.671 0.120698 87.4056 0.0890228
5354 50 65.8184 160.936 0.0954923 87.4379 0.0703868
5355 65 66.1318 160.774 0.0923046 87.5326 0.0681084
5356 35 38.0805 159.603 0.110184 86.9546 0.081329
5358 17 19.4708 159.904 0.119371 87.4608 0.0882825


**************
LD2
Runs 5347,5348,5349,5350,5342,5343,5344,5346
5347 24857.6 1.5 60.7916 0.979871 55748.2 37557 18143.2 22378.8 917.039 0.192072 617.799 0.15765 298.449 0.109573 368.124 0.121694
5348 15758.4 1.5 50.3585 1 45014.5 31123.4 15102.5 18461.9 893.881 0.238168 618.037 0.198039 299.9 0.137953 366.61 0.152527
5349 10373.1 1.5 34.6657 0.9684 30045.2 21355.6 10410.7 12607.8 866.71 0.289057 616.043 0.243698 300.318 0.170152 363.695 0.187247
5350 5669.88 1.5 20.0292 1 16867.1 12323.2 6029.8 7234.38 842.129 0.385392 615.261 0.329415 301.051 0.230427 361.192 0.252396
5343 16542 1.5 35.1023 1 30455.4 21641.3 10572.9 12796.4 867.618 0.229018 616.52 0.193054 301.203 0.134938 364.546 0.14845
5344 17663.9 1.5 42.3286 1 37604.6 26032.6 12660.8 15460.9 888.397 0.224264 615.012 0.186594 299.108 0.130128 365.259 0.143799
5346 16953.8 1.5 59.0181 1 54057.3 36399.2 17604.7 21717.7 915.944 0.232435 616.746 0.19073 298.293 0.132644 367.984 0.147327
5347 23986.9 55 65.965 0.871391 60662.5 40808.9 19708.3 24322.2 919.616 0.195802 618.645 0.160596 298.77 0.111604 368.714 0.123982
5348 15758.4 45 50.3585 1 45014.5 31123.4 15102.5 18461.9 893.881 0.238168 618.037 0.198039 299.9 0.137953 366.61 0.15252
5349 10355.9 30 35.0901 0.955106 30428.7 21628.6 10543.7 12768.9 867.16 0.289371 616.372 0.243965 300.476 0.170337 363.888 0.187452
5350 5669.88 15 20.0292 1 16867.1 12323.2 6029.8 7234.38 842.129 0.385392 615.261 0.329415 301.051 0.230427 361.192 0.252396
5343 16542 30 35.1023 1 30455.4 21641.3 10572.9 12796.4 867.618 0.229018 616.52 0.193054 301.203 0.134938 364.546 0.14845
5344 17663.9 40 42.3286 1 37604.6 26032.6 12660.8 15460.9 888.397 0.224264 615.012 0.186594 299.108 0.130128 365.259 0.143799
5346 16953.8 55 59.0181 1 54057.3 36399.2 17604.7 21717.7 915.944 0.232435 616.746 0.19073 298.293 0.132644 367.984 0.147327

5350 1.5 20.0292 615.261 0.329415 301.051 0.230427
5350 15 20.0292 615.261 0.329415 301.051 0.230427
5347 1.5 60.7916 617.799 0.15765 298.449 0.109573
5347 55 65.965 618.645 0.160596 298.77 0.111604
5348 1.5 50.3585 618.037 0.198039 299.9 0.137953
5348 45 50.3585 618.037 0.198039 299.9 0.137953
5349 1.5 34.6657 616.043 0.243698 300.318 0.170152
5349 30 35.0901 616.372 0.243965 300.476 0.170337
5343 1.5 35.1023 616.52 0.193054 301.203 0.134938
5344 1.5 42.3286 615.012 0.186594 299.108 0.130128
5346 1.5 59.0181 616.746 0.19073 298.293 0.132644
5343 30 35.1023 616.52 0.193054 301.203 0.134938
5344 40 42.3286 615.012 0.186594 299.108 0.130128
5346 55 59.0181 616.746 0.19073 298.293 0.132644


*********
LH2
RUns 5362,5363,5364,5365,5366

5363 8630.74 1.5 19.996 1 8106.9 6008.5 3213.9 3814.95 405.426 0.216736 300.485 0.18659 160.727 0.136465 190.786 0.148679
5363 8630.74 15 19.996 1 8106.9 6008.5 3213.9 3814.95 405.426 0.216736 300.485 0.18659 160.727 0.136465 190.786 0.148679
5362 492.668 1.5 19.8819 1 8037.09 5955.71 3203.02 3793.7 404.242 0.905823 299.555 0.77976 161.102 0.571839 190.812 0.622337
5362 492.668 15 19.8819 1 8037.09 5955.71 3203.02 3793.7 404.242 0.905823 299.555 0.77976 161.102 0.571839 190.812 0.622337
5364 13509.5 1.5 35.1397 1 14677.4 10566.5 5644.27 6754.93 417.688 0.175835 300.7 0.149192 160.623 0.10904 192.231 0.119286
5364 13509.5 30 35.1397 1 14677.4 10566.5 5644.27 6754.93 417.688 0.175835 300.7 0.149192 160.623 0.10904 192.231 0.119286
5365 16232.9 1.5 50.3911 1 21662.6 15149 8063.73 9748.22 429.888 0.162734 300.629 0.136087 160.023 0.099287 193.451 0.109166
5365 16232.9 45 50.3911 1 21662.6 15149 8063.73 9748.22 429.888 0.162734 300.629 0.136087 160.023 0.099287 193.451 0.109166
5366 17499 1.5 59.369 1 26203.7 17801.2 9441.17 11525.6 441.37 0.158816 299.84 0.130899 159.025 0.0953293 194.135 0.105328
5366 17499 55 59.369 1 26203.7 17801.2 9441.17 11525.6 441.37 0.158816 299.84 0.130899 159.025 0.0953293 194.135 0.105328

5363 1.5 19.996 300.485 0.18659 160.727 0.136465
5363 15 19.996 300.485 0.18659 160.727 0.136465
5362 1.5 19.8819 299.555 0.77976 161.102 0.571839
5362 15 19.8819 299.555 0.77976 161.102 0.571839
5364 1.5 35.1397 300.7 0.149192 160.623 0.10904
5364 30 35.1397 300.7 0.149192 160.623 0.10904
5365 1.5 50.3911 300.629 0.136087 160.023 0.099287
5365 45 50.3911 300.629 0.136087 160.023 0.099287
5366 1.5 59.369 299.84 0.130899 159.025 0.0953293
5366 55 59.369 299.84 0.130899 159.025 0.0953293


Look at "tracking efficiency" LUMI scan
Runs

5367  45
5368 30
5369 15
5370 60
5371 70
5372 70
5373 60
5372 45
5371 30
5372 15
5377 45

5369 27398.6 10 15.026 0.98865 133379 117371 4529.2 5417.61 8876.55 0.569191 7811.18 0.533942 301.424 0.104888 360.548 0.114714
5367 83234.2 40 45.3448 0.941119 394522 347583 13622.8 16592.3 8700.49 0.323311 7665.32 0.303469 300.427 0.0600785 365.913 0.0663038
5368 58869 25 30.076 0.917347 264514 233038 9048.52 10921.2 8794.86 0.386519 7748.32 0.362794 300.856 0.0714884 363.119 0.0785383
5370 92691.6 50 60.7269 0.835846 523616 460964 18173.7 22358.1 8622.48 0.304997 7590.78 0.286169 299.27 0.0568213 368.175 0.0630241
5371 121431 50 70.9888 0.867738 607378 534215 21194.2 26249.2 8555.98 0.265443 7525.34 0.248942 298.557 0.0495849 369.765 0.0551822
5372 144771 50 70.9681 0.856381 607130 534080 21180.9 26237.6 8554.98 0.243091 7525.63 0.227998 298.456 0.0454046 369.709 0.0505347
5373 119957 50 60.7213 0.853806 523421 460848 18196.8 22387.6 8620.06 0.268067 7589.57 0.251534 299.677 0.0499821 368.694 0.0554397
5374 122862 40 45.3655 0.943658 395091 348151 13622.8 16602.7 8709.06 0.266242 7674.36 0.249926 300.289 0.049438 365.975 0.054578
5375 82569.3 20 30.0875 0.951571 264609 233341 9047.6 10922.4 8794.66 0.326363 7755.44 0.306474 300.71 0.0603482 363.021 0.0663066
5376 34995 10 14.9467 0.821802 132780 117074 4504.22 5386.31 8883.55 0.503837 7832.75 0.473102 301.351 0.092797 360.367 0.101477
5377 77186.3 40 45.2679 0.767126 394349 347862 13576 16545.1 8711.46 0.33595 7684.54 0.315529 299.903 0.0623333 365.493 0.0688128
