Saturation study
----------------

Run 2097  5.9  1.010
Run 2098  5.9  1.008
Run 2099  5.9  1.006
Run 2100  5.7  1.006
Run 2101  5.7  1.005
RUn 2102  5.5  1.004
RUn 2103  5.5  1.003
Run 2104  5.3  1.001
Run 2105  5.1  1.000  


Run 2105 xfp v yfp 
-0.0269431 0.862803 0.101053 -0.527553 0.00625126
-0.0186807 0.883914 0.0678406 -0.374692 0.00403305
-0.00993428 0.394174 0.0391939 -0.181894 0.00225627
-0.000204023 0.21261 0.032514 0.00243611 0.00193494
0.00969083 0.103315 0.0362409 0.190754 0.00218765
0.0190777 -0.417063 0.0504173 0.387678 0.00298198
0.0274678 -0.452492 0.0662314 0.558231 0.00422439
Run 2104
-0.0269457 0.804333 0.122725 -0.538725 0.00819366
-0.0186128 0.79867 0.0657041 -0.379634 0.0041752
-0.0100311 0.388421 0.0503848 -0.179492 0.00285429
-0.000134634 0.181623 0.0522453 0.00144802 0.00306556
0.00979956 0.0784203 0.0433167 0.194329 0.00257703
0.0189147 -0.452246 0.0506929 0.379949 0.00300772
0.0274158 -0.442132 0.0703135 0.544261 0.00443639
Run 2103
-0.0270229 0.893017 0.176604 -0.54412 0.01226
-0.0186283 0.820978 0.058625 -0.382468 0.00352223
-0.0100003 0.438498 0.0503146 -0.180826 0.00291138
-0.000186812 0.182369 0.0342271 0.00395813 0.00201745
0.00972992 0.0899292 0.0362019 0.188854 0.00212414
0.018977 -0.314629 0.0437009 0.381106 0.00269899
0.0273564 -0.454467 0.0616298 0.549215 0.0038688
Run 2102
-0.0272471 0.622399 0.105952 -0.549956 0.00665944
-0.0187779 0.78895 0.0765017 -0.375522 0.00452773
-0.0100654 0.255444 0.0441576 -0.179501 0.00260974
-0.00016663 0.172832 0.0357298 0.00542587 0.00208852
0.00981337 0.163745 0.0467754 0.196581 0.00284923
0.0190952 -0.284393 0.0540004 0.379954 0.00329037
0.0276171 -0.211946 0.091023 0.543755 0.00558507
Run 2101
-0.0270098 0.75864 0.119059 -0.533333 0.00715437
-0.0185278 0.977717 0.0682488 -0.372934 0.00400659
-0.0100276 0.326849 0.0397671 -0.185381 0.00229121
-0.000133862 0.185957 0.0423202 0.00199561 0.00241265
0.00976046 0.126506 0.0360295 0.191363 0.0021563
0.0190094 -0.350667 0.0445335 0.383716 0.00263673
0.0272319 -0.463022 0.0578944 0.54484 0.00352958
2100
-0.0271038 0.730056 0.130553 -0.549029 0.00821927
-0.0186949 0.787961 0.0604564 -0.370851 0.00360443
-0.0100879 0.27513 0.0372259 -0.187615 0.00219448
-0.000268026 0.180948 0.0320115 0.00263084 0.00190507
0.00974778 0.155621 0.0344021 0.190937 0.00200796
0.019021 -0.235932 0.044225 0.380995 0.00266222
0.0275134 -0.281453 0.0580204 0.55091 0.00363617
2099
0.0270082 0.664584 0.137629 -0.523931 0.00895881
-0.0187242 0.717764 0.0576359 -0.384529 0.00347011
-0.0100705 0.326364 0.0405916 -0.182833 0.00231282
-0.000322737 0.181031 0.0307511 0.000736215 0.00178494
0.00968445 0.0509613 0.0376529 0.193739 0.00223747
0.0189502 -0.322122 0.0424863 0.38317 0.0025928
0.0271772 -0.56177 0.0662147 0.542536 0.00404943
2098
-0.0271529 0.634104 0.121044 -0.545723 0.00861605
-0.0187875 0.807079 0.0797076 -0.374773 0.00468926
-0.0100335 0.282907 0.0506241 -0.186182 0.00287204
-0.000263912 0.226974 0.0321827 0.00144553 0.00189235
0.00966155 0.168224 0.0419286 0.190851 0.0025164
0.0190441 -0.304819 0.0554277 0.383558 0.00328016
0.0274458 -0.281505 0.0636214 0.545744 0.00417451
2097
-0.0276087 0.0667787 0.111393 -0.539269 0.0074168
-0.0190539 0.496693 0.0638365 -0.368704 0.00381067
-0.0102729 0.161526 0.0408468 -0.183688 0.00243141
-0.000221116 0.183617 0.0300309 0.00158403 0.00179814
0.00983331 0.310037 0.0318349 0.188939 0.00189638
0.0192921 -0.0221943 0.0492613 0.383008 0.00298071
0.0276877 0.00416038 0.0554677 0.54156 0.00346933


Saturation for the dipole is alreay in place from the spring run.
The changes in the dipole are relative to this saturation.

All at 13 deg.
Run    HMS mom    Dipole              Q1       Q2      Q3
4766    6.6      1.83397 (1.000)     1.00     1.0     1.0
4767    6.6        1.02095           1        1       1
4768    6.6        1.02095           1        1       1
4769    6.6        1.01              1        1       1
4770    6.6        1.008             1       0.999    1
4771    6.6        1.008             1       0.996    1
4772    6.6        1.008             1.004     1      1
4773    6.6        1.006             1.004     1      1
4818    6.590      1.002             1         1      1 -2.96352e-01 4.41647e+01  
4819    6.590      1.                1.        1      1 -3.92956e-01 6.79121e+01 
4820    6.590      1.                1.005     1      1 -4.13160e-01 5.60144e+01


For elastic at 6.6

Run    HMS Mom   Ang     Dipole
4804    6.59     18.80   1.006    LH2
4805    6.59     18.80   1.006    LH2
4806    6.59     18.80   1.006    LH2
4807    6.59     18.80   1.002    LH2
4808    6.59     18.80   1.002    LH2
4809    6.59     18.80   1.002    LH2
4810    6.59     18.80   1.002    LH2
4811    6.59     18.80   1.002    LH2
4812    6.59     18.80   1.002    dummy
4813    6.59     18.80   1.002    dummy
4814    6.59     17.20   1.002    dummy
4815    6.59     17.20   1.002    dummy
4816    6.59     17.20   1.002    LH2
4817    6.590    17.20   1.002    LH2
4821    6.590    19.755   1.0     LH2





