Run   Ebeam  Angle   Momentum
1703  2.221   25       1.4
1778  6.430   15       3.0
1796  6.430   8        5.0
2258  10.59   8.5      7.3


1703 4.36081 0.0121911 -1.01568 0.00254815 0.00273722 0.000239924
1703o 3.72766 0.0253779 -1.0022 0.00459547 0.00277079 0.000482649
1778 3.95269 0.0818998 -1.01452 0.0154562 0.00535576 0.00176749
1796 4.00152 0.0464782 -1.00308 0.00918073 0.000950178 0.0009566
2258 3.49901 0.0810301 -0.977925 0.0118323 0.000586984 0.0014017
normal  1.65424 0.00809598 -0.956107 0.00112624 9.14964e-05 0.000173369
p0.15  4.01745 0.00761827 -0.973305 0.00180039 0.000146627 0.000181429
p0.15_2017 3.68881 0.0161246 -0.989516 0.00358704 0.000334325 0.000408502
p0.15 q1 m005 3.87265 0.0156144 -0.986711 0.00356821 0.00026483 0.000399362

1703 3.25118 0.0457622 -0.753955 0.00532805 -0.00260297 0.000635586
1703o 2.61452 0.0717997 -0.77095 0.00729161 0.000348068 0.000833253
1778 3.14919 0.126502 -0.759705 0.013656 -0.0025739 0.00156622
1796 2.7621 0.0326508 -0.757496 0.00362153 8.97643e-05 0.000401462
2258 2.63789 0.0562081 -0.748324 0.00515908 -0.00192689 0.000623194
normal  0.665003 0.00691115 -0.73719 0.000856812 -0.000662225 0.000107674
p0.15  2.48457 0.00721485 -0.74413 0.000933103 -0.000933658 0.000107892
p0.15_2017 2.19652 0.0134542 -0.752701 0.00167102 -0.00125973 0.000201246
dip p0.15 q1 m005 2.33522 0.0133018 -0.751132 0.00168567 -0.00124238 0.000201394

1703 2.03832 0.0664869 -0.534231 0.00553685 -0.00155309 0.000664941
1703o 1.2896 0.359319 -0.641522 0.0238254 0.00749291 0.00270306
1778 1.87398 0.0450386 -0.537321 0.00402821 -0.00158157 0.000474094
1796 1.84586 0.0800833 -0.515193 0.00793821 -0.00241919 0.000892058
2258 1.63026 0.0345772 -0.52118 0.00334971 -0.00219736 0.000393175
normal  0.167892 0.00687248 -0.5191 0.000863777 -0.00166262 0.000101822
p0.15  1.44374 0.00693202 -0.51839 0.000876454 -0.00189705 0.000103279
p0.15_2017 1.21947 0.0119788 -0.526504 0.00173231 -0.00169077 0.000188376
dip p0.15 q1 m005 1.31569 0.0119088 -0.523961 0.00172429 -0.00188042 0.000189865

1703 1.03653 0.0906916 -0.300697 0.00822888 -0.00208721 0.000973756
1703a 0.47842 0.0499982 -0.290322 0.00485365 -0.00294701 0.000565726
1778 1.00716 0.041837 -0.284411 0.00349491 -0.00419355 0.000411711
1796 1.05717 0.0673267 -0.292798 0.00617057 -0.00367508 0.00078274
2258 0.947092 0.0543751 -0.289414 0.00508669 -0.00328038 0.000609553
normal  0.00761824 0.00720355 -0.303978 0.000868622 -0.00282244 0.000102834
p0.15  0.743187 0.00709373 -0.295099 0.000862573 -0.00291393 0.000102175
p0.15_2017 0.628264 0.0123924 -0.298745 0.00152014 -0.0030282 0.000181739
dip p0.15 q1 m005 0.679049 0.0122433 -0.297808 0.00147345 -0.00308408 0.000176771

1703 0.289191 0.0126667 -0.0606597 0.00122454 -0.00338321 0.000139245
1703o -0.398929 0.0426256 -0.0568116 0.00432824 -0.00427292 0.000501182
1778 0.244582 0.0631226 -0.0718713 0.00826762 -0.00496481 0.00144703
1796 0.352768 0.0313534 -0.0650887 0.00300695 -0.00439004 0.000349472
2258 0.371956 0.00590237 -0.0583368 0.000514885 -0.00486452 6.26224e-05
normal  -0.00298087 0.00561557 -0.0891461 0.000763263 -0.0037243 8.7875e-05
p0.15  0.200609 0.00567079 -0.0714099 0.000753426 -0.00399212 8.75238e-05
p0.15_2017 0.19719 0.0134599 -0.0683895 0.00159683 -0.00409849 0.000195365
dip p0.15 q1 m005 0.187288 0.0139971 -0.0676462 0.00167951 -0.00397408 0.000199764

1703 -0.566617 0.0394227 0.163526 0.00355277 -0.0050996 0.000424665
1703o -1.20246 0.0283277 0.161493 0.00284495 -0.00507323 0.000339585
1778 -0.519515 0.0590118 0.163327 0.00604139 -0.00498803 0.000702387
1796 -0.316569 0.0200552 0.163199 0.00202715 -0.00535614 0.000231878
2258 -0.267624 0.0465994 0.172418 0.00448703 -0.00603877 0.000553129
normal  -0.00821937 0.00687116 0.128432 0.000874506 -0.00472683 0.000102834
p0.15  -0.349746 0.00669061 0.155759 0.000872115 -0.00502169 0.00010103
p0.15_2017 -0.231864 0.0126088 0.161282 0.00160191 -0.00531662 0.00018434
dip p0.15 q1 m005 -0.283367 0.0129214 0.161758 0.00163554 -0.00529878 0.00018659

1703 -1.3408 0.0483303 0.392247 0.00490319 -0.0074025 0.000580407
1703o -2.06685 0.039696 0.40371 0.00394791 -0.00669477 0.000476805
1778 -1.36555 0.0316044 0.384381 0.00330694 -0.00594842 0.000361629
1796 -1.10191 0.0784448 0.400672 0.00820263 -0.00668854 0.000948055
2258 -0.882222 0.0573671 0.406142 0.00584976 -0.00710659 0.000701763
normal  -0.174348 0.00709259 0.353163 0.000887389 -0.00595007 0.000104288
p0.15  -1.07746 0.00729726 0.390104 0.00090256 -0.00627384 0.000106882
p0.15_2017 -0.850921 0.0129176 0.396673 0.00171068 -0.00617697 0.000198173
dip p0.15 q1 m005 -0.951547 0.0129387 0.397603 0.00171275 -0.00618094 0.000199829

1703 -2.34793 0.0736253 0.655448 0.0075022 -0.0092743 0.000868065
1703o -3.00671 0.0389589 0.666107 0.00478776 -0.00987468 0.000511383
1778 -2.35247 0.0606839 0.659819 0.00576703 -0.0098617 0.000733787
1796 -1.96131 0.061808 0.648431 0.00625889 -0.00807365 0.000766476
2258 -1.69285 0.0290026 0.640275 0.00286493 -0.00803378 0.000326382
normal  -0.657083 0.00741926 0.585502 0.000896245 -0.0070841 0.000107115
p0.15  -2.14194 0.00767657 0.631702 0.000968854 -0.00739896 0.000113678
p0.15_2017 -1.83811 0.0151583 0.643361 0.00188409 -0.00750536 0.00021735
dip p0.15 q1 m005 -1.98471 0.0148136 0.643017 0.00188124 -0.00741794 0.000215086

1703 -3.39701 0.0651305 0.854251 0.00978333 -0.0073136 0.0009782
1703o -4.03321 0.150824 0.833659 0.0240813 -0.00567825 0.00236506
1778 -3.18326 0.0648154 0.853168 0.0106159 -0.00709168 0.00105115
1796 -2.58564 0.108331 0.866125 0.0157504 -0.00962579 0.00167872
2258 -2.46522 0.0475812 0.836405 0.00617703 -0.00658284 0.000670301
normal  -1.60836 0.00636661 0.810476 0.00105092 -0.00704206 0.000108624
p0.15  -3.65365 0.00655157 0.857996 0.00153655 -0.00700335 0.000136535
p0.15_2017 -3.27951 0.0123496 0.873042 0.00329759 -0.00727663 0.000250153
dip p0.15 q1 m005 -3.46695 0.0132546 0.871502 0.00373316 -0.0071888 0.000279057



normal              1.65424 0.00809598 -0.956107 0.00112624 9.14964e-05 0.000173369
dip p0.15           4.01745 0.00761827 -0.973305 0.00180039 0.000146627 0.000181429
dip p0.15 q2 m015   0.501679 0.00849848 -0.958436 0.00100091 3.92918e-05 0.000178966

normal              0.665003 0.00691115 -0.73719 0.000856812 -0.000662225 0.000107674
dip p0.15           2.48457 0.00721485 -0.74413 0.000933103 -0.000933658 0.000107892
dip p0.15 q2 m015   -0.153234 0.0070654 -0.736688 0.000849537 -0.000692853 0.00011953

normal             0.167892 0.00687248 -0.5191 0.000863777 -0.00166262 0.000101822
dip p0.15          1.44374 0.00693202 -0.51839 0.000876454 -0.00189705 0.000103279
dip p0.15 q2 m015  -0.291691 0.00716931 -0.5182 0.000905013 -0.00184321 0.000107053

normal            0.00761824 0.00720355 -0.303978 0.000868622 -0.00282244 0.000102834
dip p0.15         0.743187 0.00709373 -0.295099 0.000862573 -0.00291393 0.000102175
dip p0.15 q2 m015 -0.109999 0.0076839 -0.30321 0.000932732 -0.00275649 0.000110873

normal            -0.00298087 0.00561557 -0.0891461 0.000763263 -0.0037243 8.7875e-05
dip p0.15          0.200609 0.00567079 -0.0714099 0.000753426 -0.00399212 8.75238e-05
dip p0.15 q2 m015  0.238135 0.0061812 -0.0872941 0.000817547 -0.00383454 9.50709e-05

normal            -0.00821937 0.00687116 0.128432 0.000874506 -0.00472683 0.000102834
dip p0.15         -0.349746 0.00669061 0.155759 0.000872115 -0.00502169 0.00010103
dip p0.15 q2 m015 0.572694 0.00740424 0.131622 0.000961388 -0.00481959 0.000111598

normal            -0.174348 0.00709259 0.353163 0.000887389 -0.00595007 0.000104288
dip p0.15         -1.07746 0.00729726 0.390104 0.00090256 -0.00627384 0.000106882
dip p0.15 q2 m015  0.743165 0.00743222 0.357581 0.000919748 -0.00611462 0.000108669

normal            -0.657083 0.00741926 0.585502 0.000896245 -0.0070841 0.000107115
dip p0.15         -2.14194 0.00767657 0.631702 0.000968854 -0.00739896 0.000113678
dip p0.15 q2 m015  0.570943 0.00746856 0.591405 0.000932738 -0.007242 0.000110138

normal  -         1.60836 0.00636661 0.810476 0.00105092 -0.00704206 0.000108624
dip p0.15         -3.65365 0.00655157 0.857996 0.00153655 -0.00700335 0.000136535
dip p0.15 q2 m015 -0.0498424 0.00659504 0.814551 0.00117976 -0.00727265 0.00012332

dip p0.15  4.01745 0.00761827 -0.973305 0.00180039 0.000146627 0.000181429
dip p0.15 q2 m0150.501679 0.00849848 -0.958436 0.00100091 3.92918e-05 0.000178966
dip p0.15  2017 3.68881 0.0161246 -0.989516 0.00358704 0.000334325 0.000408502
Info in <TCanvas::Print>: Current canvas added to pdf file worksim/comp_sieve_fit_shms_sieve.pdf
normal  0.665003 0.00691115 -0.73719 0.000856812 -0.000662225 0.000107674
dip p0.15  2.48457 0.00721485 -0.74413 0.000933103 -0.000933658 0.000107892
dip p0.15 q2 m015-0.153234 0.0070654 -0.736688 0.000849537 -0.000692853 0.00011953
dip p0.15  2017 2.19652 0.0134542 -0.752701 0.00167102 -0.00125973 0.000201246
Info in <TCanvas::Print>: Current canvas added to pdf file worksim/comp_sieve_fit_shms_sieve.pdf
normal  0.167892 0.00687248 -0.5191 0.000863777 -0.00166262 0.000101822
dip p0.15  1.44374 0.00693202 -0.51839 0.000876454 -0.00189705 0.000103279
dip p0.15 q2 m015-0.291691 0.00716931 -0.5182 0.000905013 -0.00184321 0.000107053
dip p0.15  2017 1.21947 0.0119788 -0.526504 0.00173231 -0.00169077 0.000188376
Info in <TCanvas::Print>: Current canvas added to pdf file worksim/comp_sieve_fit_shms_sieve.pdf
normal  0.00761824 0.00720355 -0.303978 0.000868622 -0.00282244 0.000102834
dip p0.15  0.743187 0.00709373 -0.295099 0.000862573 -0.00291393 0.000102175
dip p0.15 q2 m015 -0.109999 0.0076839 -0.30321 0.000932732 -0.00275649 0.000110873
dip p0.15  2017 0.628264 0.0123924 -0.298745 0.00152014 -0.0030282 0.000181739
Info in <TCanvas::Print>: Current canvas added to pdf file worksim/comp_sieve_fit_shms_sieve.pdf
normal  -0.00298087 0.00561557 -0.0891461 0.000763263 -0.0037243 8.7875e-05
dip p0.15  0.200609 0.00567079 -0.0714099 0.000753426 -0.00399212 8.75238e-05
dip p0.15 q2 m015 0.238135 0.0061812 -0.0872941 0.000817547 -0.00383454 9.50709e-05
dip p0.15  2017 0.19719 0.0134599 -0.0683895 0.00159683 -0.00409849 0.000195365
Info in <TCanvas::Print>: Current canvas added to pdf file worksim/comp_sieve_fit_shms_sieve.pdf
normal  -0.00821937 0.00687116 0.128432 0.000874506 -0.00472683 0.000102834
dip p0.15  -0.349746 0.00669061 0.155759 0.000872115 -0.00502169 0.00010103
dip p0.15 q2 m015 0.572694 0.00740424 0.131622 0.000961388 -0.00481959 0.000111598
dip p0.15  2017 -0.231864 0.0126088 0.161282 0.00160191 -0.00531662 0.00018434
Info in <TCanvas::Print>: Current canvas added to pdf file worksim/comp_sieve_fit_shms_sieve.pdf
normal  -0.174348 0.00709259 0.353163 0.000887389 -0.00595007 0.000104288
dip p0.15  -1.07746 0.00729726 0.390104 0.00090256 -0.00627384 0.000106882
dip p0.15 q2 m015 0.743165 0.00743222 0.357581 0.000919748 -0.00611462 0.000108669
dip p0.15  2017 -0.850921 0.0129176 0.396673 0.00171068 -0.00617697 0.000198173
Info in <TCanvas::Print>: Current canvas added to pdf file worksim/comp_sieve_fit_shms_sieve.pdf
normal  -0.657083 0.00741926 0.585502 0.000896245 -0.0070841 0.000107115
dip p0.15  -2.14194 0.00767657 0.631702 0.000968854 -0.00739896 0.000113678
dip p0.15 q2 m015 0.570943 0.00746856 0.591405 0.000932738 -0.007242 0.000110138
dip p0.15  2017 -1.83811 0.0151583 0.643361 0.00188409 -0.00750536 0.00021735
Info in <TCanvas::Print>: Current canvas added to pdf file worksim/comp_sieve_fit_shms_sieve.pdf
normal  -1.60836 0.00636661 0.810476 0.00105092 -0.00704206 0.000108624
dip p0.15  -3.65365 0.00655157 0.857996 0.00153655 -0.00700335 0.000136535
dip p0.15 q2 m015 -0.0498424 0.00659504 0.814551 0.00117976 -0.00727265 0.00012332
dip p0.15  2017 -3.27951 0.0123496 0.873042 0.00329759 -0.00727663 0.000250153

normal  1.65424 0.00809598 -0.956107 0.00112624 9.14964e-05 0.000173369
dip p0.15  4.01745 0.00761827 -0.973305 0.00180039 0.000146627 0.000181429
dip p0.15 q1 m005 3.87265 0.0156144 -0.986711 0.00356821 0.00026483 0.000399362
dip p0.15  2017 3.68881 0.0161246 -0.989516 0.00358704 0.000334325 0.000408502
Info in <TCanvas::Print>: Current canvas added to pdf file worksim/comp_sieve_fit_shms_sieve.pdf
normal  0.665003 0.00691115 -0.73719 0.000856812 -0.000662225 0.000107674
dip p0.15  2.48457 0.00721485 -0.74413 0.000933103 -0.000933658 0.000107892
dip p0.15 q1 m005 2.33522 0.0133018 -0.751132 0.00168567 -0.00124238 0.000201394
dip p0.15  2017 2.19652 0.0134542 -0.752701 0.00167102 -0.00125973 0.000201246
Info in <TCanvas::Print>: Current canvas added to pdf file worksim/comp_sieve_fit_shms_sieve.pdf
normal  0.167892 0.00687248 -0.5191 0.000863777 -0.00166262 0.000101822
dip p0.15  1.44374 0.00693202 -0.51839 0.000876454 -0.00189705 0.000103279
dip p0.15 q1 m005 1.31569 0.0119088 -0.523961 0.00172429 -0.00188042 0.000189865
dip p0.15  2017 1.21947 0.0119788 -0.526504 0.00173231 -0.00169077 0.000188376
Info in <TCanvas::Print>: Current canvas added to pdf file worksim/comp_sieve_fit_shms_sieve.pdf
normal  0.00761824 0.00720355 -0.303978 0.000868622 -0.00282244 0.000102834
dip p0.15  0.743187 0.00709373 -0.295099 0.000862573 -0.00291393 0.000102175
dip p0.15 q1 m005 0.679049 0.0122433 -0.297808 0.00147345 -0.00308408 0.000176771
dip p0.15  2017 0.628264 0.0123924 -0.298745 0.00152014 -0.0030282 0.000181739
Info in <TCanvas::Print>: Current canvas added to pdf file worksim/comp_sieve_fit_shms_sieve.pdf
normal  -0.00298087 0.00561557 -0.0891461 0.000763263 -0.0037243 8.7875e-05
dip p0.15  0.200609 0.00567079 -0.0714099 0.000753426 -0.00399212 8.75238e-05
dip p0.15 q1 m005 0.187288 0.0139971 -0.0676462 0.00167951 -0.00397408 0.000199764
dip p0.15  2017 0.19719 0.0134599 -0.0683895 0.00159683 -0.00409849 0.000195365
Info in <TCanvas::Print>: Current canvas added to pdf file worksim/comp_sieve_fit_shms_sieve.pdf
normal  -0.00821937 0.00687116 0.128432 0.000874506 -0.00472683 0.000102834
dip p0.15  -0.349746 0.00669061 0.155759 0.000872115 -0.00502169 0.00010103
dip p0.15 q1 m005 -0.283367 0.0129214 0.161758 0.00163554 -0.00529878 0.00018659
dip p0.15  2017 -0.231864 0.0126088 0.161282 0.00160191 -0.00531662 0.00018434
Info in <TCanvas::Print>: Current canvas added to pdf file worksim/comp_sieve_fit_shms_sieve.pdf
normal  -0.174348 0.00709259 0.353163 0.000887389 -0.00595007 0.000104288
dip p0.15  -1.07746 0.00729726 0.390104 0.00090256 -0.00627384 0.000106882
dip p0.15 q1 m005 -0.951547 0.0129387 0.397603 0.00171275 -0.00618094 0.000199829
dip p0.15  2017 -0.850921 0.0129176 0.396673 0.00171068 -0.00617697 0.000198173
Info in <TCanvas::Print>: Current canvas added to pdf file worksim/comp_sieve_fit_shms_sieve.pdf
normal  -0.657083 0.00741926 0.585502 0.000896245 -0.0070841 0.000107115
dip p0.15  -2.14194 0.00767657 0.631702 0.000968854 -0.00739896 0.000113678
dip p0.15 q1 m005 -1.98471 0.0148136 0.643017 0.00188124 -0.00741794 0.000215086
dip p0.15  2017 -1.83811 0.0151583 0.643361 0.00188409 -0.00750536 0.00021735
Info in <TCanvas::Print>: Current canvas added to pdf file worksim/comp_sieve_fit_shms_sieve.pdf
normal  -1.60836 0.00636661 0.810476 0.00105092 -0.00704206 0.000108624
dip p0.15  -3.65365 0.00655157 0.857996 0.00153655 -0.00700335 0.000136535
dip p0.15 q1 m005 -3.46695 0.0132546 0.871502 0.00373316 -0.0071888 0.000279057
dip p0.15  2017 -3.27951 0.0123496 0.873042 0.00329759 -0.00727663 0.000250153
