4784
gpbeam = 10.587
gtargmass_amu =1.00794  
htheta_lab = -22.58
ptheta_lab = 19.995
hpcentral = 5.322
ppcentral = 6.3
ppartmass = 0.0005109
hpartmass = 0.0005109


Run    th_hms   p_hms  W counts  Wpeak   Wsig
4784   22.58    5.322   544      0.874   0.027
4785   22.58    5.322   551      0.867   0.029  
4788   24.17    5.322   588      0.889   0.035  kfac=0.995 0.942918 0.0254327  0.945712 0.0245288
4789   24.17    5.322   970      0.891   0.036   
4791   24.17    5.322  1072      0.892   0.036
4793   24.17    5.322  1763      0.891   0.032  kfac=0.995  0.94193 0.0206974 0.945712 0.0245287
4794   24.17    5.322  Al dummy
4796   24.17    5.322   376      0.890   0.034 
4797   24.17    5.322   802      0.889   0.027
4798   24.17    5.322  1180      0.892   0.035
4804   18.79    6.590   132      0.979   0.024    D=1.006 delta=0%
4805   18.79    6.590  4693      0.982   0.027    D=1.006
4806   18.79    6.590      D=1.006
4807   18.79    6.590      D=1.006
4808   18.79    6.590   1747     0.937   0.026    D=1.002
4809   18.79    6.590   307      0.936   0.023    D=1.002
4810   18.79    6.590   607      0.938   0.028    D=1.002
4811   18.79    6.590   1359     0.935   0.020    D=1.002   kfac=1.0 0.933962 0.0208 0.944171 0.0231671
4812    18.79    6.590  Al dummy
4813   18.79    6.590   Al dummy
4814   17.20    6.590   Al dummy
4816   17.20    6.590   4172     0.924   0.025 D=1.002   delta = +7% kfac=0.998 0.944704 0.0180931 0.943799 0.0156952
4817   17.20    6.590   4886     0.924   0.021 D=1.002
4821   19.75    6.590   2217     0.924   0.027 D=1.0   delta=-7%  kfac=0.997 0.954189 0.0377628 0.946492 0.0339149
4822   19.75    6.590   Al dummy

Run      th_shms  p_shms   W counts  Wpeak   Wsig
4784     19.995  6.3         1731      .919   .045    
4785     19.995  6.3         1713      .917   .048
4788     18.0    6.842       3484      .916   .048
4789     18.0    6.842       6708      .918   .053
4791     16.25   6.842 
4793     19.85   6.842       5790      .912   .053
4796     13.80   6.842
4797     13.80   6.842       3084      .909   .033
4798     13.80   6.842
4799     13.80   6.842
4804     13.70   8.035                               
4805     13.70   8.035        868      .910   .033                              
4806     13.70   8.035                               
4808     13.70   8.035                               
4809     13.70   8.035                               
4810     13.70   8.035                               
4811     13.70   8.035 
4816     11.70   8.035       578       .898   0.023
4821     15.65   8.035       790       .902   0.049


Coincidence runs
Run
4827  problem with missing REf times
4828  problem with missing REf times
4829-4851 testing daq
4857-4863 start good  hpcentral = 6.590*0.997
4864 Al dummy






                             
