Run  Ebeam HMS p HMS angle  Wdata   err         Wsimc    err         Wdata-Wsimc err
6595 3.8335 3.007   21.12  0.936719 4.99386e-05 0.942444 2.77374e-05 -0.00572436 5.71247e-05
6601 3.8335 2.834   23.980 0.935986 6.69785e-05 0.942659 2.95417e-05 -0.00667282 7.3204e-05 
6602 3.8335 2.713   25.970 0.93657  5.48703e-05 0.942793 3.03856e-05 -0.00622309 6.27219e-05
6609 3.8335 2.583   29.185 0.936574 6.96459e-05 0.942835 3.14021e-05 -0.00626112 7.63979e-05
6611 3.8335 2.478   29.985 0.936519 6.25866e-05 0.942942 3.20503e-05 -0.00642286 7.03158e-05
6634 3.8335 2.026   38.60  0.939933 0.000157911 0.943459 3.45032e-05 -0.00352664 0.000161636 
6871 4.9309 4.371  -12.71  0.927885 5.70411e-05 0.942053 2.97292e-05 -0.0141677 6.43235e-05
6875 4.9309 4.184  -15.00  0.929253 8.05051e-05 0.94229 3.22833e-05 -0.0130372 8.67368e-05 
6876 4.9309 3.923  -18.02  0.928928 7.80849e-05 0.942498 3.53766e-05 -0.0135703 8.57249e-05
6879 4.9309 2.583  -34.23  0.931178 0.000290841 0.943798 5.19906e-05 -0.0126199 0.000295451
6881 4.9309 3.124  -27.17  0.929532 0.00026315 0.943418 4.1672e-05 -0.0138861 0.000266429
