Fall Oct 23, 2018 Lumi scan
-------------------
Used 

Set the cuts for singles HMS data
HG cer0 145  170 cer1 150 170
Cal pr1 -80 -55 2Ta -90 -55  3Ta -90 -55 4Ta -90 -55
DC -13700 -11500
Hodo 0 750
Hodo adctdc -60 -30

Hodo adc ref time -5200
Hodo tdc ref time -3600
Dc tdc ref time   -16700 

Try lower to see
; run 5342
hdc_tdcrefcut=-15700.
hhodo_tdcrefcut=-3000.
hhodo_adcrefcut=-4600.
hcer_adcrefcut=-4600.
hcal_adcrefcut=-4600.

Did runs with the "spring19" BCM calibration "1000023"

Do runs with "fall18" BCM calibration "1000024"
hdc_tdcrefcut=-15500
hhodo_tdcrefcut=-2900
hhodo_adcrefcut=-4800
hcer_adcrefcut=-4800
hcal_adcrefcut=-4800
hdc_tdc_min_win = -13800, -13800, -13800, -13800, -13800, -13800
                  -13800, -13800, -13800, -13800, -13800, -13800
hdc_tdc_max_win = -11400, -11400, -11400, -11400, -11400, -11400
                  -11400, -11400, -11400, -11400, -11400, -11400
    hscin_tdc_min = -2000                                                          
   hscin_tdc_max = 2000                                                         

"1000025"
hdc_tdcrefcut=-15500
hhodo_tdcrefcut=-2900
hhodo_adcrefcut=-4000
hcer_adcrefcut=-4000
hcal_adcrefcut=-4000

"26"
Wide hcer adc window frpm 90 to 130 to 0 to 130


HMS PS3=0
Run    Current    Target
5342   20           LD2
5343   35           LD2
5344   50           LD2
5345   50/65        LD2 beam off most of time
5346   65           LD2

5355   65           carbon
5356   50           carbon
5357   35           carbon
5358   20           carbon

5359   40           dummy
5360   40           dummy   Very short run.

5363   20           LH2
5364   35           LH2
5365   50           LH2
5366   65           LH2


SHMS PS2=0
Run    Current    Target
5347   65           LD2
5348   50           LD2
5349   35           LD2
5350   20           LD2

5351   20           Carbon
5352   35           Carbon
5353   50           carbon
5354   65           carbon

5261   40           dummy
5362   20           dummy

**********
Look at HMS LD2 runs
"1000023" runs




Nrun  cur  
5342 19.6392 0.769281 0.762326 0.970519 4643.02 198.672 0.247298 139.662 0.210469
5343 34.6583 0.434939 0.430543 0.969842 4596.86 196.943 0.245181 138.67 0.208909
5344 49.717  0.30187  0.311935 0.969701 4561.94 196.382 0.249445 138.266 0.212551
5345 49.0865 0.304999 0.309434 0.970331 4550.61 196.068 0.496778 138.05 0.423172
5345 65.4229 0.228612 0.255682 0.969829 4556.76 196.585 0.865492 138.501 0.737678
5346 64.6668 0.23004  0.227959 0.96928  4525.75 196.247 0.253438 138.3 0.216101



Nrun  cur     El_CLean/uC       EL_real/uC
5342 19.6392 237.512 0.237158 307.428 0.269815 4664.54 6037.63
5343 34.6583 235.005 0.176632 305.065 0.201246 8144.87 10573  
5344 49.717  233.962 0.149592 304.1   0.170547 11631.9 15118.9
5345 49.0865 233.925 0.299673 304.086 0.34167 11482.5  14926.5
5345 65.4229 234.359 0.451834 304.802 0.515284 15332.4 19941  
5346 64.6668 233.839 0.132688 304.393 0.151387 15121.6 19684.1


HMS LH2 runs
5363 19.6746 0.993234 1.00032  0.96905  3195.04 113.296 0.136316 79.9709 0.116341
5364 34.743  0.793016 0.794619 0.969182 4476.02 112.573 0.135355 79.317 0.115408
5365 49.7772 0.573855 0.583874 0.968955 4627.47 112.157 0.134878 79.0762 0.115053
5366 64.8713 0.434214 0.443093 0.968308 4567.43 112.103 0.139128 78.9668 0.118665



Nrun  cur     El_CLean/uC       EL_real/uC
5363 19.6746 132.4  0.146861 163.548 0.163225 2604.91 3217.75
5364 34.743  131.36 0.130207 162.514 0.144825 4563.96 5646.22
5365 49.7772 130.88 0.110374 162.056 0.122818 6514.86 8066.71
5366 64.8713 130.71 0.098995 162.213 0.110281 8479.31 10523. 

HMS Carbon runs

5358 19.6675 0.992763 0.999283 0.971265 1742.09 58.1484 0.0730773 41.0128 0.0622736
5357 34.6757 0.994922 1.00061  0.971152 3064.25 57.9722 0.0718733 40.884 0.0612479
5356 49.7569 0.902255 0.905898 0.970577 3979.77 57.7229 0.0747126 40.7112 0.0636885
5355 65.036  0.783517 0.789809 0.970383 4541.53 57.9334 0.0719187 40.8441 0.0613014

Nrun  cur     El_CLean/uC       EL_real/uC
5358 19.6675 69.3795 0.0795338 89.2457 0.0902048 1364.52 1755.24
5357 34.6757 69.0949 0.0782664 88.8423 0.0887488 2395.91 3080.67
5356 49.7569 68.8087 0.0774829 88.6714 0.0879581 3423.71 4412.01
5355 65.036  69.1265 0.0695383 89.1557 0.0789725 4495.72 5798.34


SHMS LD2
5350 19.6635 0.348608 0.378436 0.932715 4291.68 227.653 0.377696 153.142 0.320758
5349 34.6626 0.197088 0.199147 0.931679 4261.67 225.812 0.375409 151.685 0.318764
5348 49.7392 0.135867 0.137056 0.930892 4228.15 225.145 0.37538  151.168 0.318801
5347 64.8983 0.102666 0.104052 0.929048 4196.51 225.42  0.394649 151.092 0.33521 

Include Peter's correction to the BCM1 ( in 3rd column)
5350 19.6635 19.9537 0.348608 0.378436 0.932715 4291.68 227.653 0.377696 153.142 0.320758
5349 34.6626 34.9142 0.197088 0.199147 0.931679 4261.67 225.812 0.375409 151.685 0.318764
5348 49.7392 49.8626 0.135867 0.137056 0.930892 4228.15 225.145 0.37538 151.168 0.318801
5347 64.8983 65.0255 0.102666 0.104052 0.929048 4196.51 225.42 0.394649 151.092 0.33521

5350 19.6635 19.9537 0.348637 0.372852 0.990542 4291.74 227.636 0.377666 144.192 0.30201 236.501 0.227295 306.548 0.258776 6027.82
5349 34.6626 34.9142 0.197092 0.193177 0.989506 4261.74 225.809 0.375403 142.819 0.300131 234.267 0.169753 304.366 0.19349 10550.1


5350 19.6635 236.501 0.227295 306.548 0.258776 4650.44 6027.82
5349 34.6626 234.267 0.169753 304.366 0.19349   8120.3 10550.1
5348 49.7392 233.682 0.140964 303.788 0.160724 11623.2 15110.1
5347 64.8983 233.756 0.128769 304.431 0.146951 15170.4 19757.1

5350 19.6635 19.9537 236.501 0.227295 306.548 0.258776 4650.44 6027.82
5349 34.6626 34.9142 234.267 0.169753 304.366 0.19349 8120.3 10550.1  
5348 49.7392 49.8626 233.682 0.140964 303.788 0.160724 11623.2 15110.1
5347 64.8983 65.0255 233.756 0.128769 304.431 0.146951 15170.4 19757.1

SHMS Carbon
5351 19.6753 0.955972 0.962977 0.938759 3070.6 64.3107 0.114804 42.7778 0.0966379
5352 34.6547 0.749249 0.759204 0.93901  4225.28 64.068 0.102198 42.5084 0.0859064
5353 49.8625 0.524158 0.530463 0.938586 4254.05 63.9655 0.105873 42.4629 0.0890389
5354 64.8941 0.401943 0.415909 0.938479 4273.54 64.5215 0.106019 42.8415 0.0891764

5351 19.6753 19.9655 0.955972 0.962977 0.938759 3070.6 64.3107 0.114804 42.7778 0.0966379
5352 34.6547 34.9064 0.749249 0.759204 0.93901 4225.28 64.068 0.102198 42.5084 0.0859064
5353 49.8625 49.9845 0.524158 0.530463 0.938586 4254.05 63.9655 0.105873 42.4629 0.0890389
5354 64.8941 65.0212 0.401943 0.415909 0.938479 4273.54 64.5215 0.106019 42.8415 0.0891764

5351 19.6753 69.3578 0.11657   89.3301 0.132293  1364.64 1757.6	
5352 34.6547 68.9903 0.0917974 88.7388 0.10411   2390.84 3075.22
5353 49.8625 68.7859 0.0794864 88.5713 0.0901965 3429.83 4416.38
5354 64.8941 69.1027 0.06956   89.0947 0.0789838 4484.35 5781.72

5351 19.6753 19.9655 69.3578 0.11657 89.3301 0.132293 1364.64 1757.6	
5352 34.6547 34.9064 68.9903 0.0917974 88.7388 0.10411 2390.84 3075.22	
5353 49.8625 49.9845 68.7859 0.0794864 88.5713 0.0901965 3429.83 4416.38
5354 64.8941 65.0212 69.1027 0.06956 89.0947 0.0789838 4484.35 5781.72  


*****************

"1000024")

HMS  LD2 runs
5342 19.6392 19.9293 0.76927 0.762326 0.977051 4643.03 197.603 0.246634 138.694 0.209039 237.512 0.237158 307.428 0.269816 6037.63
5343 34.6583 34.9099 0.434935 0.430543 0.976365 4596.87 194.786 0.243836 136.982 0.20694 235.005 0.176632 305.065 0.201246 10573
5344 49.717 49.8407 0.301878 0.311935 0.976379 4561.95 193.144 0.247378 135.757 0.20989 233.961 0.149592 304.099 0.170547 15118.9
5345 49.0085 49.1397 0.305528 0.314545 0.976309 4550.51 192.962 0.483755 135.76 0.41066 233.906 0.294399 304.039 0.335645 14900.5
5346 65.0436 65.1749 0.230039 0.227959 0.975797 4525.75 190.779 0.249158 134.284 0.211613 232.485 0.131919 302.629 0.150511 19684.1
5346 65.0436 65.1749 0.230039 0.227959 0.999205 4525.75 190.779 0.249158 131.138 0.206656 232.485 0.131919 302.629 0.150511 19684.1

"25"
5342 19.6392 19.9293 0.769278 0.762326 0.999255 4643.08 197.686 0.246684 135.727 0.204479 237.512 0.237158 307.428 0.269816 6037.63

5346 65.0436 65.1749 0.230039 0.227959 0.998998 4525.75 191.38 0.249551 131.638 0.207071 232.485 0.131919 302.629 0.150511 19684.1

 

HMS Dummy
5359 39.6643 39.8814 0.991942 0.997799 0.976858 2283.38 37.1731 0.0545111 26.1656 0.0462723 44.6842 0.0595238 58.0516 0.0678455 2302.58
5360 39.871 40.0865 0.994222 1 0.977383 2284.15 37.0372 0.237976 26.1249 0.202166 44.5566 0.260263 57.6322 0.295998 2297.85

HMS LH2 runs
5363 19.6746 19.9649 0.993256 1.00032 0.97579 3195.04 112.871 0.136058 79.5006 0.115596 132.4 0.146862 163.548 0.163225 3217.75
5364 34.743 34.9941 0.79302 0.794619 0.975894 4476.03 111.671 0.134812 78.5456 0.11445 131.364 0.130207 162.514 0.144825 5646.22
5365 49.7773 49.9003 0.573868 0.583874 0.975454 4627.48 110.786 0.13405 77.9609 0.113857 130.881 0.110374 162.056 0.122818 8066.72
5366 65.2587 65.3961 0.434223 0.443093 0.975121 4567.44 109.626 0.137172 77.1193 0.11651 129.934 0.0984073 161.25 0.109627 10523

HMS Carbon
5358 19.6675 19.9577 0.992852 0.999283 0.97762 1742.18 58.1409 0.0730694 40.9362 0.0620103 69.3796 0.079534 89.2458 0.0902051 1755.24
5357 34.6757 34.9272 0.994942 1.00061 0.977526 3064.25 57.871 0.0718099 40.7472 0.0609451 69.0949 0.0782665 88.8423 0.0887489 3080.67
5356 49.757 49.8802 0.902285 0.905464 0.977157 3979.88 57.5178 0.0745785 40.4864 0.0632973 68.8087 0.0774829 88.6714 0.0879581 4412.02
5355 65.4323 65.5746 0.783545 0.789809 0.976914 4541.64 57.2592 0.071281 40.3114 0.0605113 68.7079 0.0691173 88.6159 0.0784944 5798.34


"1000024" SHMS runs
SHMS LD2
5350 19.6635 19.9537 0.348632 0.378436 0.994706 4291.69 249.333 0.395259 153.611 0.311068 236.501 0.227296 306.548 0.258776 6027.82
5349 34.6626 34.9142 0.197089 0.199147 0.99416 4261.67 246.142 0.391944 151.511 0.308408 234.268 0.169753 304.367 0.193491 10550.1
5348 49.7392 49.8626 0.135868 0.137056 0.993452 4228.16 245.066 0.391634 150.689 0.30811 233.682 0.140965 303.788 0.160725 15110.2
5347 65.2871 65.4252 0.102667 0.104052 0.99308 4196.51 243.045 0.408564 148.999 0.321009 232.364 0.128002 302.618 0.146076 19757.1

SHMS carbon
5351 19.6753 19.9655 0.955992 0.962977 0.994907 3070.6 70.4381 0.120147 43.2519 0.0943892 69.358 0.11657 89.3302 0.132293 1757.6
5352 34.6547 34.9064 0.749268 0.759204 0.994762 4225.29 70.0768 0.106882 43.0038 0.0839483 68.9903 0.0917975 88.7388 0.10411 3075.22
5353 49.8627 49.9847 0.524166 0.530463 0.994816 4254.06 69.9112 0.110683 42.8838 0.0869129 68.7858 0.0794863 88.5713 0.0901965 4416.4
5354 65.2828 65.4208 0.401957 0.415909 0.994829 4273.54 70.0035 0.1101 42.9839 0.0864977 68.6912 0.0691458 88.5642 0.0785135 5781.72

SHMS dummy
5361 39.8278 40.0437 0.840463 0.838384 0.994653 3748.62 49.2983 0.0909313 30.1989 0.0713604 44.6844 0.079366 58.0764 0.0904808 2313.05



******
Look at another set of runs
12C runs 5154-5158
Dummy runs 5159
LH2 runs 5160-5166
htheta_lab = -12.53
ptheta_lab = 6.495
hpcentral = 3.266
ppcentral = 6.842

HMS 12C
5157 14.6493 14.9225 0.0356074 0.0595799 0.999048 915.463 483.879 1.15277 323.936 0.943649 1039.47 0.318823 1755.91 0.414377 25722.8 427339
5156 29.5811 29.8579 0.022816 0.0309662 0.998536 948.775 383.037 0.886408 256.489 0.725882 693.574 0.180169 1407.14 0.256627 41624.9 460534
5155 44.3938 44.5707 0.0247297 0.0313843 0.998049 1420.94 346.965 0.655241 231.867 0.536168 581.465 0.133392 1296.11 0.199154 57539.2 497066
5154 54.2472 54.3196 0.0129426 0.0160705 0.99742 881.847 334.642 0.856748 223.603 0.701234 541.735 0.124013 1258.16 0.188991 68251.6 518245

