00 32 Started Run 5367, 45 uA
01 05 Ended Run 5367
01 07 Started Run 5368, 30 uA
01 43 Ended Run 5368
01 45 Started Run 5369, 15 uA
02 17 Ended Run 5369
02 19 Started Run 5370, 60 uA
02 48 Ended Run 5370
02 50 Started Run 5371, 70 uA
03 24 Ended Run 5371
03 25 Started Run 5372, 70 uA
04 04 Ended Run 5372
04 05 Started Run 5373, 60 uA
04 45 Ended Run 5373
04 46 Started Run 5374, 45 uA
05 35 Ended Run 5374
05 36 Started Run 5375, 30 uA
06 25 Ended Run 5375
06 26 Started Run 5376, 15 uA
07 15 Ended Run 5376
07 16 Started Run 5377, 45 uA
07 53 Ended Run 5377


Coin time peak 
   1  Constant     1.60501e+03   1.82040e+01   3.08099e-02  -2.16913e-05
   2  Mean         4.33379e+01   1.12361e-02   2.55823e-05   6.65611e-02
   3  Sigma        1.12998e+00   1.20159e-02   6.55631e-06  -1.02763e-01
side peak
   1  Constant     2.44259e+02   7.47038e+00   1.79893e-02   1.32175e-05
   2  Mean         5.54831e+01   4.00838e-02   1.18186e-04   9.62311e-04
   3  Sigma        1.23783e+00   4.94163e-02   3.35282e-05   2.29741e-03

   1  Constant     2.42168e+02   7.40642e+00   9.96458e-03  -1.92063e-06
   2  Mean         5.94827e+01   3.03466e-02   5.71155e-05   1.89450e-07
   3  Sigma        1.12908e+00   3.65195e-02   1.62633e-05   4.58351e-04

   1  Constant     2.43553e+02   7.31025e+00   1.44997e-02  -4.15859e-06
   2  Mean         6.37494e+01   2.87671e-02   7.50715e-05  -5.71779e-03
   3  Sigma        1.06188e+00   3.03550e-02   2.04921e-05  -6.36640e-03

   1  Constant     2.35156e+02   7.01310e+00   8.70637e-03   4.57838e-05
   2  Mean         2.72650e+01   3.59146e-02   5.93622e-05   2.98932e-03
   3  Sigma        1.23382e+00   4.36073e-02   1.65616e-05   1.19054e-02

   1  Constant     2.34679e+02   7.24940e+00   1.37957e-02   1.01407e-04
   2  Mean         2.32730e+01   3.99064e-02   9.54075e-05  -1.47990e-03
   3  Sigma        1.24482e+00   4.96460e-02   2.70080e-05   6.74280e-02

   1  Constant     2.47077e+02   7.43214e+00   1.39468e-02   7.74032e-06
   2  Mean         3.11613e+01   3.07648e-02   7.93817e-05  -1.36408e-04
   3  Sigma        1.13739e+00   3.65568e-02   2.23958e-05   6.27116e-03



nrun    I     TRIG1    TRIG4  COIN      TRIG1/ch err     TRIG4/ch err
              rate    rate    rate        
5369  15.026  133379  5417.61  75.4418  8876.55 0.569191 360.548 0.114714  
5376  14.9538 132849  5389.13  74.8044  8883.97 0.50417  360.386 0.101545  
5368  30.0927 264659 10927.4  239.66    8794.78 0.38721  363.125 0.0786796 
5367  45.36   394649 16597.5  507.152   8700.38 0.323789 365.907 0.0664015 
5370  60.7901 524142 22381.5  876.673   8622.16 0.306253 368.177 0.0632849
5371  71.2144 609250 26333.8 1180.27    8555.16 0.267948 369.783 0.0557071 
5371  71.2261 608983 26332.2 1180.89    8550    0.853755 369.699 0.177531  200K

4% drop

5369 15.026  0.471358 0.00538637 0.991116 0.980095 
5376 14.9538 0.484498 0.00476361 0.990415 0.981867
5368 30.0927 0.457214 0.00422937 0.9841   0.980787
5367 45.36   0.437817 0.00396503 0.977317 0.978726
5370 60.7901 0.415365 0.00411951 0.966215 0.97752
5371 71.2144 0.408502 0.00377418 0.963483 0.976162

13.3% drop

add betanotrack>0 to ctime test
5369 15.026  0.466849 0.00536141 0.991116 0.980095
5371 71.2144 0.394769 0.00369436 0.963483 0.976162


5371 71.2261 0.415256 0.0122797 0.955677 0.962177
5371 71.2261 0.412354 0.0120994 0.955677 0.976736 200000 replay hit=4.4
5371 71.2261 0.415256 0.0122797 0.955677 0.962177 200K hit=5,5
5371 71.2261 0.411093 0.0121071 0.955677 0.976476 200k hit=5,5 tight hodo cut
5371 71.2261 0.39803  0.0118785 0.955677 0.976476 200k hit=5,5 tighg hodo cut and betanotrack>0

 Coin ev = 0.603973 0.0046951 0.146103 0.00230922 0.135226 0.0022216
5369 15.026 0.471358 0.00538637
EV4  Livetime = 1.00098 134823 18073 134871 18235
EDTM  Livetime = 0.991116 18073 18235
5369 15 15.026 133379 5417.61 75.4418 8876.55 0.569191 360.548 0.114714 5.02075 0.0136737 0.980095

5376 14.9538 0.484498 0.00476361 0.990415 0.981867
EV4  Livetime = 1.00138 171665 23145 171684 23369
EDTM  Livetime = 0.990415 23145 23369
5376 15 14.9538 132849 5389.13 74.8044 8883.97 0.50417 360.386 0.101545 5.00238 0.0120736 0.981867

 Coin ev = 0.80625 0.00311693 0.387466 0.00216077 0.375946 0.00212841
5367 45.36 0.437817 0.00396503 0.977317 0.978726
EV4  Livetime = 1.00033 908116 17881 908234 18296
EDTM  Livetime = 0.977317 17881 18296
5367 45 45.36 394649 16597.5 507.152 8700.38 0.323789 365.907 0.0664015 11.1806 0.0117326 0.978726

 Coin ev = 0.709393 0.00347759 0.268094 0.00213785 0.264701 0.00212428
5368 30.0927 0.457214 0.00422937 0.9841 0.980787
EV4  Livetime = 1.00007 458184 19187 458465 19497
EDTM  Livetime = 0.9841 19187 19497
5368 30 30.0927 264659 10927.4 239.66 8794.78 0.38721 363.125 0.0786796 7.96405 0.0117656 0.980787

 Coin ev = 0.892006 0.00311498 0.499696 0.00233144 0.479148 0.002283
5370 60.7901 0.415365 0.00411951 0.966215 0.97752
EV4  Livetime = 0.999434 1295948 14614 1.29718e+06 15125
EDTM  Livetime = 0.966215 14614 15125
5370 60 60.7901 524142 22381.5 876.673 8622.16 0.306253 368.177 0.0632849 14.4213 0.0126681 0.97752
r
 Coin ev = 0.94281 0.00281287 0.558608 0.00216516 0.547556 0.00214364
5371 71.2144 0.408502 0.00377418 0.963483 0.976162
EV4  Livetime = 0.999997 1927802 16121 1.92842e+06 16732
EDTM  Livetime = 0.963483 16121 16732
5371 70 71.2144 609250 26333.8 1180.27 8555.16 0.267948 369.783 0.0557071 16.5735 0.0119367 0.976162

